Number of Processes: 32
Total: 12.353130
Processing: 11.319720
Pre-Processing: 1.033409
11, (-68.832314,24.603678,26.667135), (-29.291666,40.535570,-34.442496), (-76.200688,22.456742,33.860415), (-36.994057,29.982038,51.013567), (34.511786,47.488257,-25.489566), (-64.077703,-5.748164,-35.512054), (-75.680554,32.327096,24.515518), (-2.251574,-60.609879,57.277059), (39.368880,-28.820614,-46.107078), (-68.971206,-36.035651,43.993800), (-66.236982,31.699187,34.024038)
Number of Processes: 32
Total: 16.519209
Processing: 15.431823
Pre-Processing: 1.087385
11, (7.667389,59.974290,-2.573186), (57.156652,8.801783,11.445480), (-35.373274,-42.825892,-4.835470), (-20.945333,26.952588,-22.859383), (47.964043,23.019592,-35.978514), (19.398076,-67.808609,-49.002782), (15.992366,6.031588,61.995217), (-21.092332,27.021075,-14.037587), (-7.057473,-4.118248,-4.965985), (6.358289,-47.465038,37.821700), (17.244004,43.206722,-16.854842)
Number of Processes: 32
Total: 30.966358
Processing: 28.497037
Pre-Processing: 2.469320
11, (-28.024848,-31.986894,-36.976028), (39.000201,4.994208,-5.007994), (39.592998,-67.024066,52.425110), (25.007104,-69.018742,2.000051), (-36.621886,26.887634,-21.524211), (-67.992760,-1.627412,64.617410), (13.003881,-51.957731,-13.095234), (11.008120,-36.011373,-8.004883), (43.009362,46.015622,62.014386), (46.977535,-71.989810,-52.992473), (12.986845,-52.072930,-18.303130)
